rm runtest
g++ -std=c++11 -Wall -o runtest TestMain.cpp BayesianClassifierTest.cpp -lgtest -lpthread -larmadillo
./runtest
[==========] Running 1 test from 1 test case.
[----------] Global test environment set-up.
[----------] 1 test from BayesianClassifierTest
[ RUN      ] BayesianClassifierTest.IrisDataSet
Iris-setosa=5.0803 Iris-versicolor=0.0000 Iris-virginica=0.0000 
Iris-setosa=3.5971 Iris-versicolor=0.0000 Iris-virginica=0.0000 
Iris-setosa=2.2519 Iris-versicolor=0.0000 Iris-virginica=0.0000 
Iris-setosa=2.3979 Iris-versicolor=0.0000 Iris-virginica=0.0000 
Iris-setosa=3.6926 Iris-versicolor=0.0000 Iris-virginica=0.0000 
Iris-setosa=0.6161 Iris-versicolor=0.0000 Iris-virginica=0.0000 
Iris-setosa=0.6252 Iris-versicolor=0.0000 Iris-virginica=0.0000 
Iris-setosa=5.9448 Iris-versicolor=0.0000 Iris-virginica=0.0000 
Iris-setosa=0.9874 Iris-versicolor=0.0000 Iris-virginica=0.0000 
Iris-setosa=1.5723 Iris-versicolor=0.0000 Iris-virginica=0.0000 
Iris-setosa=2.3504 Iris-versicolor=0.0000 Iris-virginica=0.0000 
Iris-setosa=2.3915 Iris-versicolor=0.0000 Iris-virginica=0.0000 
Iris-setosa=1.9820 Iris-versicolor=0.0000 Iris-virginica=0.0000 
Iris-setosa=0.0192 Iris-versicolor=0.0000 Iris-virginica=0.0000 
Iris-setosa=0.0101 Iris-versicolor=0.0000 Iris-virginica=0.0000 
Iris-setosa=0.0323 Iris-versicolor=0.0000 Iris-virginica=0.0000 
Iris-setosa=0.0790 Iris-versicolor=0.0000 Iris-virginica=0.0000 
Iris-setosa=3.9067 Iris-versicolor=0.0000 Iris-virginica=0.0000 
Iris-setosa=0.1299 Iris-versicolor=0.0000 Iris-virginica=0.0000 
Iris-setosa=2.3557 Iris-versicolor=0.0000 Iris-virginica=0.0000 
Iris-setosa=0.1826 Iris-versicolor=0.0000 Iris-virginica=0.0000 
Iris-setosa=1.2913 Iris-versicolor=0.0000 Iris-virginica=0.0000 
Iris-setosa=0.0003 Iris-versicolor=0.0000 Iris-virginica=0.0000 
Iris-setosa=0.2269 Iris-versicolor=0.0000 Iris-virginica=0.0000 
Iris-setosa=0.0206 Iris-versicolor=0.0000 Iris-virginica=0.0000 
Iris-setosa=0.0000 Iris-versicolor=0.0187 Iris-virginica=0.0000 
Iris-setosa=0.0000 Iris-versicolor=0.4919 Iris-virginica=0.0001 
Iris-setosa=0.0000 Iris-versicolor=0.2023 Iris-virginica=0.0011 
Iris-setosa=0.0000 Iris-versicolor=0.1045 Iris-virginica=0.0003 
Iris-setosa=0.0000 Iris-versicolor=0.5646 Iris-virginica=0.0025 
Iris-setosa=0.0000 Iris-versicolor=0.5596 Iris-virginica=0.0058 
Iris-setosa=0.0000 Iris-versicolor=0.3667 Iris-virginica=0.0015 
Iris-setosa=0.0000 Iris-versicolor=0.3425 Iris-virginica=0.0000 
Iris-setosa=0.0000 Iris-versicolor=0.1979 Iris-virginica=0.0002 
Iris-setosa=0.0000 Iris-versicolor=0.0752 Iris-virginica=0.0003 
Iris-setosa=0.0000 Iris-versicolor=0.0386 Iris-virginica=0.0000 
Iris-setosa=0.0000 Iris-versicolor=0.3232 Iris-virginica=0.0003 
Iris-setosa=0.0000 Iris-versicolor=0.0374 Iris-virginica=0.0000 
Iris-setosa=0.0000 Iris-versicolor=1.1388 Iris-virginica=0.0151 
Iris-setosa=0.0000 Iris-versicolor=0.1174 Iris-virginica=0.0000 
Iris-setosa=0.0000 Iris-versicolor=0.1444 Iris-virginica=0.0000 
Iris-setosa=0.0000 Iris-versicolor=0.5047 Iris-virginica=0.0076 
Iris-setosa=0.0000 Iris-versicolor=0.0114 Iris-virginica=0.0000 
Iris-setosa=0.0000 Iris-versicolor=0.0004 Iris-virginica=0.0008 
Expect : Iris-versicolor, Actual : Iris-virginica

Iris-setosa=0.0000 Iris-versicolor=1.2561 Iris-virginica=0.0000 
Iris-setosa=0.0000 Iris-versicolor=0.0049 Iris-virginica=0.0466 
Expect : Iris-versicolor, Actual : Iris-virginica

Iris-setosa=0.0000 Iris-versicolor=1.0095 Iris-virginica=0.0000 
Iris-setosa=0.0000 Iris-versicolor=0.0827 Iris-virginica=0.0505 
Iris-setosa=0.0000 Iris-versicolor=0.0112 Iris-virginica=0.0040 
Iris-setosa=0.0000 Iris-versicolor=0.7435 Iris-virginica=0.0000 
Iris-setosa=0.0000 Iris-versicolor=0.0000 Iris-virginica=0.0043 
Iris-setosa=0.0000 Iris-versicolor=0.0000 Iris-virginica=0.2136 
Iris-setosa=0.0000 Iris-versicolor=0.0000 Iris-virginica=0.4138 
Iris-setosa=0.0000 Iris-versicolor=0.0037 Iris-virginica=0.2892 
Iris-setosa=0.0000 Iris-versicolor=0.0000 Iris-virginica=0.1988 
Iris-setosa=0.0000 Iris-versicolor=0.0000 Iris-virginica=0.0098 
Iris-setosa=0.0000 Iris-versicolor=0.0000 Iris-virginica=0.0057 
Iris-setosa=0.0000 Iris-versicolor=0.0000 Iris-virginica=0.0394 
Iris-setosa=0.0000 Iris-versicolor=0.0000 Iris-virginica=0.0277 
Iris-setosa=0.0000 Iris-versicolor=0.0000 Iris-virginica=0.0607 
Iris-setosa=0.0000 Iris-versicolor=0.0000 Iris-virginica=0.2514 
Iris-setosa=0.0000 Iris-versicolor=0.0000 Iris-virginica=0.4549 
Iris-setosa=0.0000 Iris-versicolor=0.0000 Iris-virginica=0.7367 
Iris-setosa=0.0000 Iris-versicolor=0.0000 Iris-virginica=0.0531 
Iris-setosa=0.0000 Iris-versicolor=0.0000 Iris-virginica=0.0386 
Iris-setosa=0.0000 Iris-versicolor=0.0000 Iris-virginica=0.3926 
Iris-setosa=0.0000 Iris-versicolor=0.0278 Iris-virginica=0.6335 
Iris-setosa=0.0000 Iris-versicolor=0.0000 Iris-virginica=0.0023 
Iris-setosa=0.0000 Iris-versicolor=0.0000 Iris-virginica=0.0000 
Iris-setosa=0.0000 Iris-versicolor=0.0004 Iris-virginica=0.0105 
Iris-setosa=0.0000 Iris-versicolor=0.0000 Iris-virginica=0.5284 
Iris-setosa=0.0000 Iris-versicolor=0.0000 Iris-virginica=0.1518 
Iris-setosa=0.0000 Iris-versicolor=0.0000 Iris-virginica=0.0009 
Iris-setosa=0.0000 Iris-versicolor=0.0002 Iris-virginica=0.2082 
Iris-setosa=0.0000 Iris-versicolor=0.0001 Iris-virginica=0.4631 
printInfo
Iris-setosa
   4.9840
   3.3560
   1.4680
   0.2400

   0.0922   0.0839   0.0090   0.0019
   0.0839   0.1526   0.0181   0.0006
   0.0090   0.0181   0.0223   0.0051
   0.0019   0.0006   0.0051   0.0125

   21.8275  -12.2043    1.8654   -3.5360
  -12.2043   14.1383   -7.5175    4.2686
    1.8654   -7.5175   55.3966  -22.4632
   -3.5360    4.2686  -22.4632   89.4780


Iris-versicolor
   5.8600
   2.7640
   4.2080
   1.3080

   0.2317   0.0635   0.1787   0.0591
   0.0635   0.0766   0.0795   0.0374
   0.1787   0.0795   0.2483   0.0833
   0.0591   0.0374   0.0833   0.0366

   9.8445e+00  -1.9117e+00  -7.5859e+00   3.3188e+00
  -1.9117e+00   2.6789e+01   3.9797e+00  -3.3330e+01
  -7.5859e+00   3.9797e+00   2.3081e+01  -4.4329e+01
   3.3188e+00  -3.3330e+01  -4.4329e+01   1.5686e+02


Iris-virginica
   6.6000
   3.0200
   5.4640
   2.0080

   0.3008   0.0687   0.1892   0.0387
   0.0687   0.0775   0.0553   0.0386
   0.1892   0.0553   0.1882   0.0290
   0.0387   0.0386   0.0290   0.0883

    9.2792   -1.7866   -8.7355   -0.4177
   -1.7866   20.1614   -3.0469   -7.0259
   -8.7355   -3.0469   14.9490    0.2469
   -0.4177   -7.0259    0.2469   14.5026


Iris-setosa=0.7130 Iris-versicolor=0.0000 Iris-virginica=0.0000 
Iris-setosa=0.9789 Iris-versicolor=0.0000 Iris-virginica=0.0000 
Iris-setosa=4.4008 Iris-versicolor=0.0000 Iris-virginica=0.0000 
Iris-setosa=2.9174 Iris-versicolor=0.0000 Iris-virginica=0.0000 
Iris-setosa=2.6102 Iris-versicolor=0.0000 Iris-virginica=0.0000 
Iris-setosa=2.7860 Iris-versicolor=0.0000 Iris-virginica=0.0000 
Iris-setosa=0.0780 Iris-versicolor=0.0000 Iris-virginica=0.0000 
Iris-setosa=0.0012 Iris-versicolor=0.0000 Iris-virginica=0.0000 
Iris-setosa=0.1077 Iris-versicolor=0.0000 Iris-virginica=0.0000 
Iris-setosa=1.5441 Iris-versicolor=0.0000 Iris-virginica=0.0000 
Iris-setosa=0.5870 Iris-versicolor=0.0000 Iris-virginica=0.0000 
Iris-setosa=0.2608 Iris-versicolor=0.0000 Iris-virginica=0.0000 
Iris-setosa=1.5441 Iris-versicolor=0.0000 Iris-virginica=0.0000 
Iris-setosa=1.5464 Iris-versicolor=0.0000 Iris-virginica=0.0000 
Iris-setosa=4.9235 Iris-versicolor=0.0000 Iris-virginica=0.0000 
Iris-setosa=3.0570 Iris-versicolor=0.0000 Iris-virginica=0.0000 
Iris-setosa=0.0000 Iris-versicolor=0.0000 Iris-virginica=0.0000 
Iris-setosa=1.3623 Iris-versicolor=0.0000 Iris-virginica=0.0000 
Iris-setosa=0.0012 Iris-versicolor=0.0000 Iris-virginica=0.0000 
Iris-setosa=0.0771 Iris-versicolor=0.0000 Iris-virginica=0.0000 
Iris-setosa=0.3262 Iris-versicolor=0.0000 Iris-virginica=0.0000 
Iris-setosa=0.4508 Iris-versicolor=0.0000 Iris-virginica=0.0000 
Iris-setosa=3.6661 Iris-versicolor=0.0000 Iris-virginica=0.0000 
Iris-setosa=2.9616 Iris-versicolor=0.0000 Iris-virginica=0.0000 
Iris-setosa=4.4423 Iris-versicolor=0.0000 Iris-virginica=0.0000 
Iris-setosa=0.0000 Iris-versicolor=0.4775 Iris-virginica=0.0000 
Iris-setosa=0.0000 Iris-versicolor=0.3434 Iris-virginica=0.0000 
Iris-setosa=0.0000 Iris-versicolor=0.1988 Iris-virginica=0.0056 
Iris-setosa=0.0000 Iris-versicolor=1.0151 Iris-virginica=0.0026 
Iris-setosa=0.0000 Iris-versicolor=0.0980 Iris-virginica=0.0000 
Iris-setosa=0.0000 Iris-versicolor=0.6402 Iris-virginica=0.0000 
Iris-setosa=0.0000 Iris-versicolor=0.3575 Iris-virginica=0.0000 
Iris-setosa=0.0000 Iris-versicolor=0.8254 Iris-virginica=0.0000 
Iris-setosa=0.0000 Iris-versicolor=0.0188 Iris-virginica=0.1190 
Expect : Iris-versicolor, Actual : Iris-virginica

Iris-setosa=0.0000 Iris-versicolor=0.0595 Iris-virginica=0.0016 
Iris-setosa=0.0000 Iris-versicolor=0.1371 Iris-virginica=0.0001 
Iris-setosa=0.0000 Iris-versicolor=0.6284 Iris-virginica=0.0000 
Iris-setosa=0.0000 Iris-versicolor=0.1443 Iris-virginica=0.0000 
Iris-setosa=0.0000 Iris-versicolor=0.4025 Iris-virginica=0.0000 
Iris-setosa=0.0000 Iris-versicolor=0.8119 Iris-virginica=0.0004 
Iris-setosa=0.0000 Iris-versicolor=0.1082 Iris-virginica=0.0005 
Iris-setosa=0.0000 Iris-versicolor=0.7684 Iris-virginica=0.0004 
Iris-setosa=0.0000 Iris-versicolor=1.1029 Iris-virginica=0.0000 
Iris-setosa=0.0000 Iris-versicolor=0.1094 Iris-virginica=0.0000 
Iris-setosa=0.0000 Iris-versicolor=0.9453 Iris-virginica=0.0005 
Iris-setosa=0.0000 Iris-versicolor=0.1914 Iris-virginica=0.0000 
Iris-setosa=0.0000 Iris-versicolor=0.7662 Iris-virginica=0.0001 
Iris-setosa=0.0000 Iris-versicolor=1.1365 Iris-virginica=0.0000 
Iris-setosa=0.0000 Iris-versicolor=0.0044 Iris-virginica=0.0000 
Iris-setosa=0.0000 Iris-versicolor=1.1121 Iris-virginica=0.0001 
Iris-setosa=0.0000 Iris-versicolor=0.0003 Iris-virginica=0.0779 
Iris-setosa=0.0000 Iris-versicolor=0.0272 Iris-virginica=0.0698 
Iris-setosa=0.0000 Iris-versicolor=0.0588 Iris-virginica=0.1323 
Iris-setosa=0.0000 Iris-versicolor=0.0000 Iris-virginica=0.6236 
Iris-setosa=0.0000 Iris-versicolor=0.0009 Iris-virginica=0.0194 
Iris-setosa=0.0000 Iris-versicolor=0.0000 Iris-virginica=0.1700 
Iris-setosa=0.0000 Iris-versicolor=0.0000 Iris-virginica=0.0017 
Iris-setosa=0.0000 Iris-versicolor=0.0000 Iris-virginica=0.4080 
Iris-setosa=0.0000 Iris-versicolor=0.0789 Iris-virginica=0.0297 
Expect : Iris-virginica, Actual : Iris-versicolor

Iris-setosa=0.0000 Iris-versicolor=0.0000 Iris-virginica=0.0010 
Iris-setosa=0.0000 Iris-versicolor=0.0000 Iris-virginica=0.0059 
Iris-setosa=0.0000 Iris-versicolor=0.0000 Iris-virginica=0.1199 
Iris-setosa=0.0000 Iris-versicolor=0.0044 Iris-virginica=0.1295 
Iris-setosa=0.0000 Iris-versicolor=0.0541 Iris-virginica=0.1071 
Iris-setosa=0.0000 Iris-versicolor=0.0002 Iris-virginica=0.0717 
Iris-setosa=0.0000 Iris-versicolor=0.0000 Iris-virginica=0.1335 
Iris-setosa=0.0000 Iris-versicolor=0.0000 Iris-virginica=0.0003 
Iris-setosa=0.0000 Iris-versicolor=0.0004 Iris-virginica=0.3997 
Iris-setosa=0.0000 Iris-versicolor=0.0000 Iris-virginica=0.4881 
Iris-setosa=0.0000 Iris-versicolor=0.0000 Iris-virginica=0.1146 
Iris-setosa=0.0000 Iris-versicolor=0.0000 Iris-virginica=0.0086 
Iris-setosa=0.0000 Iris-versicolor=0.0002 Iris-virginica=0.0622 
Iris-setosa=0.0000 Iris-versicolor=0.0018 Iris-virginica=0.2434 
Iris-setosa=0.0000 Iris-versicolor=0.0000 Iris-virginica=0.1461 
Iris-setosa=0.0000 Iris-versicolor=0.0094 Iris-virginica=0.1297 
printInfo
Iris-setosa
   5.0280
   3.4800
   1.4600
   0.2480

   0.1604   0.1181   0.0241   0.0194
   0.1181   0.1358   0.0062   0.0222
   0.0241   0.0062   0.0392   0.0066
   0.0194   0.0222   0.0066   0.0109

   2.0915e+01  -1.9025e+01  -1.1219e+01   8.2970e+00
  -1.9025e+01   2.8529e+01   1.2484e+01  -3.1759e+01
  -1.1219e+01   1.2484e+01   3.4888e+01  -2.6471e+01
   8.2970e+00  -3.1759e+01  -2.6471e+01   1.5729e+02


Iris-versicolor
   6.0120
   2.7760
   4.3120
   1.3440

   0.3003   0.1095   0.1865   0.0520
   0.1095   0.1244   0.0886   0.0465
   0.1865   0.0886   0.1969   0.0640
   0.0520   0.0465   0.0640   0.0426

    9.5256   -4.4293   -9.4390    7.4140
   -4.4293   16.3236    1.7437  -15.0557
   -9.4390    1.7437   19.7833  -20.1460
    7.4140  -15.0557  -20.1460   61.2028


Iris-virginica
   6.5760
   2.9280
   5.6400
   2.0440

   0.5244   0.1215   0.4323   0.0619
   0.1215   0.1304   0.0988   0.0604
   0.4323   0.0988   0.4175   0.0673
   0.0619   0.0604   0.0673   0.0651

   15.0399   -5.4507  -15.3497    6.6272
   -5.4507   16.1401    4.0828  -14.0152
  -15.3497    4.0828   18.6957   -8.5254
    6.6272  -14.0152   -8.5254   30.8896


misclassifying rate : 0.0267
[       OK ] BayesianClassifierTest.IrisDataSet (12 ms)
[----------] 1 test from BayesianClassifierTest (12 ms total)

[----------] Global test environment tear-down
[==========] 1 test from 1 test case ran. (12 ms total)
[  PASSED  ] 1 test.
